    101  !  (c)  2019  Oklahoma  Climatological  Survey  and  the  Oklahoma  Mesonet  -  all  rights  reserved
	21  2019  09  28  00  00  00
  STID    STNM    TIME      RELH      TAIR      WSPD      WVEC    WDIR      WDSD      WSSD      WMAX        RAIN          PRES    SRAD      TA9M      WS2M      TS10      TB10      TS05      TS25      TS60        TR05        TR25        TR60
  ACME      110          0      -996      -996      -996      -996    -996      -996      -996      -996        -996          -996    -996      -996      -996      -999      -999      -999      -999      -999        -999        -999        -999
  ADAX          1          0          39      10.5        1.9        1.9      213        5.2        0.2        2.3        0.00      978.90          2      12.7        0.3        7.8        9.1        8.5        7.0      -998        1.52        1.51        -998
  ALTU          2          0          34      11.9        4.4        4.4      174        2.9        0.2        4.8        0.00      964.18          5      13.3        2.4        7.3        8.1        8.2        6.3      -998        2.14        1.58        -998
  ALV2      116          0          26      13.1        4.4        4.4      224        6.4        0.5        5.6        0.00      957.42          2      14.2        3.0        5.0        6.6        5.6        4.7      -998        1.52        1.41        -998
  ANT2      135          0          53        7.9        0.6        0.6      182        8.1        0.2        0.8        0.25      994.13          1      11.8        0.0        7.9        9.5        8.1        7.6        8.7        1.58        1.38        1.34
  APAC      111          0          41      10.4        5.0        5.0      198        4.4        0.3        6.0        0.00      961.66          3      11.8        3.0        6.4        7.6        9.1        6.2        6.9        1.60        1.50        1.72
  ARD2      126          0          41        9.8        2.3        2.3      220        3.0        0.2        2.7        0.00      982.88          3      13.1        1.4        7.7        8.6        8.8        6.8        8.6        1.65        1.41        1.57
  ARNE          6          0          24      12.3        3.4        3.3      211        8.1        0.4        4.4        0.00      927.38          3      13.2        1.7        5.7        7.2        6.5        4.2        6.1        1.96        1.92        2.11
  BEAV          8          0          28      10.4        5.3        5.3      204        4.4        0.4        6.2        0.00      921.22          4      11.8        2.7        5.2        5.2      -999        3.9        5.7        1.93        1.90        2.05
  BESS          9          0          32      11.4        4.4        4.4      198        5.5        0.4        5.6        0.00      952.36          3      12.5        2.6        7.7        9.8        8.5        5.8      -998        1.96        1.44        -998
  BIXB        10          0          48        9.8        1.9        1.9      186        4.5        0.2        2.5        0.25      990.68          1      12.1        1.2        5.9        7.1      -996        5.4        7.2        -996        1.47        1.54
  BLAC        11          0          48      10.9        4.1        4.1      193        8.4        0.6        5.6        0.00      974.05          1      11.7        3.2        5.8        5.6        6.1        6.0        7.5        1.55        1.43        1.43
  BOIS        12          0          34        7.5        4.9        4.9      196        2.8        0.2        5.4        0.00      867.24        12        9.5        2.5        2.5        3.7        3.2        2.7        4.1        1.57        1.52        1.37
  BREC        14          0          47      10.6        4.9        4.8      189        7.3        0.5        6.2        0.00      968.91          2      11.4        3.2        5.6        7.2        6.6        5.0        6.6        1.56        1.59        1.45
  BRIS        15          0          40      11.0        2.1        2.1      196        8.2        0.3        2.8        0.00      984.09          1      12.4        1.3        5.4        7.4        6.1        4.8        6.0        1.62        1.62        1.46
  BROK      124          0          53        9.2        0.2        0.2      220        0.0        0.2        0.5        0.00    1001.03          1      11.9        0.0        8.5      10.1        8.8      -998      -998        1.41        -998        -998
  BUFF        16          0          27      12.5        4.3        4.3      206      10.7        0.6        5.5        0.00      943.74          3      12.9        2.3        4.9        5.5        5.6        3.7        5.1        1.87        1.94        1.99
  BURB        17          0          44      11.1        3.7        3.7      178        6.5        0.5        5.1        0.00      974.89          1      12.1        2.3        4.8        6.0        5.8      -998      -998        1.50        -998        -998
  BURN        18          0          41      11.2        2.1        2.1      226        1.4        0.1        2.3        0.00      988.00          3      13.5        1.0        7.4        8.0        8.0        6.4        7.3        1.53        1.62        1.61
  BUTL        19          0          30      10.6        4.5        4.5      204        2.9        0.2        4.8        0.00      951.03          3      12.8        2.2        5.1        7.6        6.2        4.9        7.3        1.66        1.78        1.60
  BYAR        20          0          40      10.0        3.3        3.3      213        4.7        0.3        4.1        0.00      972.94          2      12.1        1.7        7.1        8.3        7.1        6.4        7.2        1.41        1.41        1.50
  CAMA        22          0          27      11.4        4.6        4.6      201        6.2        0.4        6.0        0.00      942.09          3      12.6        2.7        4.9        7.4        5.8        4.5      -998        1.91        1.84        -998
  CARL      131          0          39      11.3        2.7        2.7      183        5.8        0.4        3.8        0.00      976.38          1      12.6        1.9        5.6        7.5      -999        5.2        6.7        1.43        1.46        1.49
  CENT        23          0          40      10.3        0.5        0.5      168        9.6        0.0        0.7        0.00      989.24          2      12.9        0.0        7.5        9.2        8.0        6.8        8.1        1.43        1.39        1.48
  CHAN        24          0          38      11.4        3.3        3.3      198        7.8        0.4        5.0        0.00      978.24          1      12.6        2.2        6.6        7.7        6.5        5.8      -998        1.36        1.45        -998
  CHER        25          0          48        9.8        2.8        2.8      211        5.8        0.4        3.5        0.00      966.60          2      11.8        0.5        5.6        6.8        6.3        4.5        5.8        2.01        2.03        2.02
  CHEY        26          0          23      12.8        4.8        4.7      212        7.1        0.6        6.1        0.00      931.19          4      13.5        3.6        6.2        8.9        7.8        5.1        6.2        2.15        1.70        1.67
  CHIC        27          0          44      10.4        4.1        4.0      197        3.9        0.3        4.9        0.00      974.36          2      12.5        2.3        6.5        9.4        6.7      -998      -998        1.38        -998        -998
  CLAY        29          0          61        6.3        0.8        0.8        91        9.9        0.1        1.1        0.00      992.04          1      10.4        0.2        8.0        9.8        8.1      -998      -998        1.46        -998        -998
  CLOU        30          0          43      10.0        1.2        1.1      245        6.8        0.2        1.5        0.00      988.31          1      12.0        0.0        8.4        8.8        8.2        7.1      -998        -999        -999        -998
  COOK        31          0          54        6.3        0.9        0.9      129        8.2        0.1        1.0        0.00      977.73          0        9.0        0.4        6.4        7.8        6.7      -998      -998        1.64        -998        -998
  COPA        32          0          50        9.1        4.0        4.0      176        6.8        0.4        5.1        0.00      981.23          0      10.1        2.8        4.1        4.3        4.6        3.4        5.0        1.47        1.35        1.43
  DURA        33          0          43      10.2        2.2        2.2      244        2.9        0.1        2.5        0.00      991.29          2      13.4        0.8        8.3        9.5        8.5        7.5        8.7        1.39        1.36        1.35
  ELKC      139          0          34      10.4        4.0        4.0      196        2.9        0.2        4.4        0.00      943.61          3      12.6        1.7        6.3        8.0        6.5        5.9        7.5        1.84        1.52        1.45
  ELRE        34          0          45        9.5        4.2        4.2      201        4.6        0.3        5.2        0.00      962.91          2      10.8        2.1        6.3        6.8        6.7        5.3        6.9        1.57        1.44        1.35
  ERIC        35          0          28      12.3        3.8        3.8      205        5.2        0.4        5.2        0.00      941.85          4      13.7        2.1      -999        9.3      -999        5.8        6.4        -999        1.36        1.88
  EUFA        36          0          42      11.0        2.5        2.5      189        2.0        0.1        2.8        0.00      989.48          1      12.4        1.7        6.2      11.0        6.4        5.8        7.4        1.48        1.40        1.35
  EVAX      141          0          32        8.2        4.9        4.9      205        4.0        0.3        5.7        0.00      888.16        10      10.0        2.4        3.1        5.0        3.5        2.5        4.0        1.70        1.51        1.45
  FAIR        37          0          35      11.2        4.6        4.6      197        3.3        0.2        5.1        0.00      962.48          2      13.9        2.3        6.5        8.5        6.9        5.8        7.5        1.38        1.38        1.46
  FITT      127          0          37      10.6        3.5        3.5      217        6.7        0.5        4.5        0.00      972.66          2      11.9        2.3        7.3        8.4        8.4        6.7        7.8        1.67        1.50        1.46
  FORA        38          0          46        9.7        5.0        5.0      183        5.7        0.5        6.1        0.00      971.39          1      10.8        3.7        5.0        4.4        5.3        4.2        5.6        1.46        1.45        1.41
  FREE        39          0          33      10.9        5.8        5.7      221        3.0        0.2        6.3        0.00      947.17          3      13.2        2.9      -999        5.4      -999        4.3        6.3        1.90        1.82        1.71
  FTCB        40          0          41        9.2        4.0        4.0      210        2.3        0.1        4.1        0.00      963.43          3      12.2        1.9        5.8        7.2        6.5        4.8        5.8        1.41        1.53        1.66
  GOOD        41          0          32        8.2        4.4        4.4      218        1.2        0.2        4.8        0.00      895.67        10      11.6        1.9        3.8        6.0        5.7        3.6        5.4        1.75        1.66        1.46
  GRA2      117          0          53      10.1        4.5        4.5      186        1.3        0.2        4.8        0.00      973.66          5      12.5        2.3        8.0        8.5        8.9        7.1        9.0        1.35        1.36        1.37
  GUTH        43          0          37      12.1        3.6        3.6      198        7.7        0.4        4.6        0.00      972.69          2      13.0        2.2        6.5        7.3        7.2        5.5      -998        1.54        1.52        -998
  HASK        44          0          56        8.0        2.5        2.5      174        3.0        0.1        2.7        0.00      991.20          1      11.5        1.4        5.3        8.8        5.9        5.6        7.7        1.49        1.44        1.39
  HECT      113          0          42      10.8        3.2        3.2      197        7.9        0.4        4.1        0.00      983.73          1      11.7        1.9        6.6        7.5        6.7        5.4        6.1        1.49        1.43        1.44
  HINT        45          0          36      10.7        4.9        4.9      198        8.5        0.6        6.6        0.00      954.41          2      11.6        3.2        6.1        6.6        7.0        4.7        6.0        1.62        1.49        1.81
   HOBA        46          0          40      10.4        4.6        4.6      191        2.7        0.2        5.1        0.00      957.41          3      12.0        2.1        5.6        8.1        7.0        5.3        7.2        1.66        1.44        1.42
  HOLD      134          0          43      10.1        3.0        2.9      214        5.7        0.3        3.9        0.00      980.33          1      12.3        1.9        6.2        8.2        6.8        5.1        6.7        1.44        1.38        1.47
  HOLL        47          0          26      13.1        4.8        4.8      210        2.8        0.2        5.5        0.00      954.56          7      14.5        3.1        8.1        9.0        9.5        6.3        8.4        2.43        2.45        1.83
  HOOK        48          0          31        9.9        4.2        4.2      203        3.5        0.2        4.8        0.00      904.43          7      11.4        2.2        3.1        4.2        4.1        3.0        4.0        1.74        1.51        1.68
  HUGO        49          0          35      12.3        0.5        0.5      224      15.3        0.1        0.7        0.00      993.96          1      13.3        0.4        8.2        9.2        9.1        7.4      -998        1.36        1.37        -998
  IDAB        50          0          47      10.8        1.1        1.1      266        4.5        0.1        1.4        0.25    1001.94          1      13.3        0.5        9.3      11.5        9.9        8.0      -998        1.45        1.35        -998
  INOL      120          0          66        5.1        3.2        3.2      174        1.2        0.1        3.4        0.00      990.26          1        9.3        1.7        4.1        6.0        4.1        3.0        5.9        1.47        1.41        1.46
  JAYX        51          0          45        8.9        1.5        1.5      214      14.1        0.5        2.6        0.00      976.56          0        9.3        1.0        4.9        6.9        5.0        4.9      -998        1.42        1.33        -998
  KENT        52          0          32        7.4        4.3        4.3      185        2.6        0.2        4.8        0.00      861.36        10        9.3        2.0        3.0        4.7        3.7        2.4      -998        1.72        1.93        -998
  KETC        53          0          41      10.5        3.3        3.3      213        4.3        0.2        4.0        0.00      973.57          3      12.2        1.8        7.5        9.4        8.5        6.9        8.2        1.44        1.39        1.52
  KIN2      133          0          51        9.6        5.1        5.1      195        3.2        0.3        6.0        0.00      973.40          2      11.5        3.1        6.7        8.6        7.2        6.2        7.3        1.56        1.56        1.39
  LAHO        55          0          45      10.5        4.4        4.4      191        5.4        0.3        5.2        0.00      963.50          2      12.2        2.0        5.4        5.9        5.5        4.7        6.4        1.56        1.50        1.45
  LANE        56          0          37      12.2        1.4        1.4      215        4.9        0.1        1.7        0.00      992.81          2      14.0        1.2        8.1        8.7        7.8        6.9        7.8        -999        1.40        1.41
  MADI        57          0          38      12.1        2.4        2.3      234        6.5        0.3        3.1        0.00      987.17          3      13.3        1.4        7.8        8.8        8.3      -998      -998        1.61        -998        -998
  MANG        58          0          31      12.6        3.3        3.3      182        6.5        0.4        4.5        0.00      958.73          5      14.1        1.9        8.6      10.2      10.2        7.2      -998        -999        -999        -998
  MARE        59          0          40      11.4        3.6        3.6      190        4.7        0.3        4.3        0.00      972.77          1      12.7        2.1        6.0        7.2        6.2        5.4        6.9        1.52        1.49        1.58
   MAYR        61          0          25      13.2        6.0        5.9      226        7.3        0.7        7.5        0.00      943.86          2      13.8        4.2        5.4        5.6        5.4        4.3        5.8        1.59        1.60        1.48
  MCAL        62          0          48        9.1        1.0        0.9      198        7.7        0.2        1.2        0.00      986.70          1      12.4        0.0        7.7        8.6      -999        6.6      -998        1.33        1.39        -998
  MEDF        63          0          45      11.4        4.7        4.7      185        4.9        0.4        5.6        0.00      970.34          1      12.1        3.2        4.4        6.6        4.9      -998      -998        1.48        -998        -998
  MEDI        64          0          37      10.4        4.1        4.1      205        4.6        0.3        5.0        0.00      956.30          3      12.1        1.9        7.4        8.4        7.7        6.2      -998        1.45        1.48        -998
  MIAM        65          0          56        8.0        3.6        3.6      183        6.9        0.4        4.3        0.00      982.64          0        8.7        2.4        4.7        6.4        4.7        4.1        6.1        1.31        1.59        1.45
  MINC        66          0          43      10.5        4.2        4.2      190        6.7        0.5        5.5        0.00      962.13          2      11.4        3.0        7.8        8.6        8.3        6.0      -998        1.93        1.62        -998
  MRSH      125          0          40      11.3        4.0        3.9      184        6.1        0.3        4.8        0.00      974.10          2      12.6        2.3        5.6        7.4        6.1        5.0      -998        1.43        1.41        -998
  MTHE        67          0          46        9.0        0.2        0.2      148      18.3        0.1        0.5        0.25      980.94          1      10.6        0.0        8.3        9.1        8.3      -998      -998        1.51        -998        -998
  NEWK        68          0          47      10.1        4.6        4.6      192        6.2        0.4        5.8        0.00      966.94          1      11.3        2.7        4.3        4.5        4.9        3.8        6.1        1.46        1.42        1.44
  NEWP      123          0          41      10.7        3.3        3.3      218        4.1        0.2        3.8        0.00      980.65          3      12.7        2.4        9.1        8.7        9.4      -998      -998        1.53        -998        -998
  NOWA        70          0          53        8.3        3.5        3.5      174        6.3        0.4        4.6        0.00      987.25          0        9.3        2.3        3.8        4.3        4.2        3.9        5.7        1.52        1.51        1.49
  NRMN      121          0          36      12.1        3.0        3.0      201        6.8        0.4        3.9        0.00      971.09          2      13.4        2.3        6.2        6.4        7.0        5.3        7.4        1.48        1.45        1.47
  OILT        71          0          39      11.2        2.9        2.9      177        7.5        0.4        3.8        0.00      981.79          1      12.2        2.1        5.8        6.6        6.3        4.6        6.1        1.65        1.61        1.62
  OKCE      130          0          33      12.9        2.3        2.3      199      13.3        0.6        3.5        0.00      970.68          2      13.5        1.8        6.5        8.0        7.9        5.5        6.1        1.79        1.67        1.48
  OKEM        72          0          44      10.1        3.0        3.0      197        4.0        0.2        3.5        0.00      981.97          1      11.9        1.8        6.1        7.1        6.9        5.3      -998        1.48        1.52        -998
  OKMU        73          0          43      10.8        2.0        2.0      188        8.8        0.5        3.0        0.00      988.79          1      12.4        1.1        5.7        7.9        6.2        5.4      -998        1.53        1.58        -998
	  PAUL        74          0          36      11.8        2.1        2.0      219        7.2        0.3        2.9        0.00      979.42          2      12.9        1.0        8.1        8.9        9.1        7.1        8.5        1.51        1.39        1.50
	  PAWN        75          0          44      10.6        4.3        4.3      184        4.2        0.4        5.7        0.00      977.87          1      12.1        2.5        6.0        6.6        6.6        4.8        6.8        1.53        1.49        1.61
	  PERK        76          0          46      10.9        4.2        4.2      190        4.0        0.3        4.9        0.00      977.26          1      12.8        2.8        6.9        7.6        7.1        5.2        6.6        1.50        1.52        1.35
	 PORT      118          0          45      10.0        2.6        2.6      174        1.8        0.1        2.8        0.00      990.27          1      11.3        1.5        5.8        8.3        5.8        5.6        6.8        1.47        1.39        1.57
	  PRYO        77          0          58        7.1        2.8        2.8      172        5.8        0.3        3.6        0.00      988.55          0        8.9        1.3        3.9        7.2        3.9        3.8      -998        1.55        1.37        -998
	   PUTN        78          0          27      12.2        6.4        6.4      210        6.8        0.8        9.1        0.00      942.46          3      13.1        4.3        5.4        7.0      -999        5.0        5.9        1.36        1.49        1.58
	  REDR        79          0          42      10.8        4.3        4.3      187        3.3        0.2        5.0        0.00      976.10          1      12.4        2.4        5.8        6.9        5.8        4.9        6.2        1.50        1.38        1.42
	   RING        81          0          41      12.0        2.4        2.3      211        3.7        0.2        2.8        0.00      980.92          3      13.0        1.6        7.1        8.8        7.8        7.0      -998        1.47        1.45        -998
	  SALL        82          0          59        7.9        0.9        0.9      178        5.9        0.1        1.1        0.00      995.15          0      10.8        0.0        6.2        7.9      -999        6.0        7.2        1.51        1.37        1.38
	  SEIL        83          0          25      12.5        4.9        4.8      226        7.2        0.7        7.2        0.00      946.71          2      13.4        3.3      -999        6.3        5.0        4.1        5.8        1.63        1.70        1.89
		 SEMI      143          0          35      11.5        2.3        2.2      198        7.6        0.3        3.2        0.00      978.84          1      12.5        1.4        7.6      -999        8.2        5.9        6.9        1.32        1.41        1.45
		SHAW        84          0          41      10.6        3.3        3.3      204        5.3        0.3        4.0        0.00      974.33          2      12.3        2.3        6.4        8.1        6.9        5.6        7.0        1.57        1.50        1.42
		 SKIA        85          0          46        9.8        2.9        2.8      189        7.6        0.4        3.9        0.00      978.21          1      10.9        1.8        6.8        7.4        7.4        6.0        7.0        1.54        1.53        1.52
		  SLAP        86          0          37        6.8        4.0        3.9      225        5.5        0.3        4.7        0.00      920.19          4      10.8        1.0        7.6        7.7        8.0        5.1        5.4        1.64        1.88        1.98
	  SPEN        87          0          36      11.9        2.6        2.5      205      14.1        0.6        3.8        0.00      968.37          2      12.9        1.6        7.6        7.9        8.1        6.6        7.2        1.48        1.56        1.42
	                     STIG        88          0          66        6.6        1.6        1.6      168        2.8        0.1        1.7        0.00      993.07          1      11.0        0.0        6.0        8.8        5.9        5.9        7.2        1.42        1.34        1.38
     STIL        89          0          36      12.8        2.4        2.3      189        9.5        0.4        3.6        0.00      979.30          1      13.8        1.5        6.4        7.5        6.5        5.6        6.9        1.47        1.58        1.46
    STUA        90          0          40      11.3        2.4        2.4      214        2.5        0.1        2.8        0.00      983.60          1      12.6        1.3        7.5        8.9        8.7        7.2        8.3        1.56        1.41        1.42
   SULP        91          0          39      10.7        2.6        2.6      220        7.5        0.4        3.4        0.00      976.23          2      12.1        1.4        7.3        7.6        8.1      -998      -998        1.54        -998        -998
   TAHL        92          0          56        6.7        1.6        1.6      170        4.9        0.2        2.0        0.00      978.95          0        8.7        0.9        7.0        8.1        7.1      -998      -998        1.66        -998        -998
    TALA      138          0          60        6.6        5.1        5.1      177        2.0        0.2        5.8        0.00      984.82          1        8.9        2.7        3.7        3.6        4.1        3.1        5.8        1.34        1.42        1.40
    TALI        93          0          37      10.2        1.0        1.0      168        6.7        0.1        1.1        0.00      990.14          1      12.2        0.5        7.0        9.0        6.9        6.6      -998        1.32        1.40        -998
   TIPT        94          0          40      11.6        4.5        4.5      178        2.9        0.2        5.1        0.00      967.94          6      13.0        2.5        7.2        9.2        7.4        6.7        8.2        1.78        1.64        1.64
    TISH        95          0          41      10.7        3.4        3.4      224        3.3        0.3        4.3        0.00      982.55          2      12.8        1.9        7.7        9.4        8.2        6.6      -998        1.43        1.56        -998
   TULN      137          0          41      11.7        2.8        2.8      183        7.9        0.6        4.2        0.00      987.56          1      12.4        2.1        5.6        6.9        6.2        5.2        6.7        1.44        1.39        1.36
  VALL      140          0          48      10.0        0.9        0.9      198        3.9        0.2        1.3        0.00    1000.61          1      12.6        0.0        8.4        9.7        9.0        8.1        9.6        1.45        1.47        1.42
  VINI        97          0          53        7.8        4.5        4.5      186        5.1        0.7        6.9        0.00      984.07          0        8.8        2.7        5.0        4.8        5.0        4.0        5.6        1.56        1.37        1.41
  WAL2      136          0          48      10.0        3.5        3.5      196        2.6        0.2        4.0        0.00      976.05          4      12.2        2.2        7.9        8.8        7.5        7.6        8.4        1.40        1.42        1.35
  WASH        99          0          39      11.6        3.2        3.2      212        5.1        0.3        3.9        0.00      972.69          2      12.4        2.2        6.8        8.6        8.1        6.4        7.5        1.53        1.44        1.35
  WATO      100          0          36      11.1        5.9        5.8      209        5.0        0.6        7.3        0.00      950.76          2      11.9        4.0        6.2        7.0        6.4        5.9        7.4        1.65        1.45        1.42
  WAUR      101          0          44      11.2        1.7        1.7      198        5.9        0.2        2.3        0.00      981.02          3      12.3        0.2        8.0        9.4        8.2        7.2        8.3        1.45        1.35        1.37
  WEAT      102          0          36      10.7        6.9        6.9      203        3.8        0.3        7.8        0.00      948.98          3      11.8        4.7        5.0        6.9        5.7        4.9      -998        1.75        1.93        -998
  WEBR      132          0          47        9.7        1.4        1.4      167        3.3        0.1        1.8        0.00      996.39          1      11.8        0.8        5.5        7.5        5.9        5.6        7.3        1.37        1.36        1.56
  WEST      104          0          47        8.2        2.7        2.6      218        5.6        0.3        3.4        0.00      972.00          0        9.1        2.0        6.3        7.6        7.3        5.8      -998        1.47        1.46        -998
  WILB      105          0          53        8.8        0.5        0.5      193        0.0        0.1        0.7        0.00      990.26          1      12.3        0.4        5.8        8.5        6.9        5.9        7.6        1.48        1.44        1.48
  WIST      106          0          66        6.6        0.8        0.8      118        8.3        0.1        1.0        0.00      997.30          1      10.2        0.1        5.8        8.5        6.0        5.7        7.6        1.42        1.48        1.44
  WOOD      107          0          25      11.9        4.0        4.0      212        6.6        0.5        5.1        0.00      937.62          3      13.0        2.1        4.7        6.4        4.7        4.3        6.1        1.55        1.62        1.86
  WYNO      108          0          46      10.1        4.4        4.4      182        5.1        0.4        5.5        0.00      979.24          1      11.3        3.0        4.7        6.0        5.2        3.4      -998        1.66        1.62        -998
  YUKO      142          0          41      10.5        4.5        4.5      203        4.9        0.4        5.4        0.00      964.59          2      12.1        2.8        6.6      -999        6.6        6.0        6.8        1.58        1.43        1.34